1
  48.0           0
  48.5         507
  49.0        1014
  49.5        1521
  50.0        2028
  50.5        2534
  51.0        3041
  51.5        3548
  52.0        4055
  52.5        4562
  53.0        5069
  53.5        5576
  54.0        6083
  54.5        6590
  55.0        7097
  55.5        7604
  56.0        8110
  56.5        8617
  57.0        9124
  57.5        9631
  58.0       10138
  58.5       21965
  59.0       33792
  59.5       70154
  60.0      106516
  60.5      466635
  61.0      826754
  61.5     1223940
  62.0     1621125
  62.5     2055804
  63.0     2490484
  63.5     2925163
  64.0     3359842
  64.5     3829844
  65.0     4299846
  65.5     4769849
  66.0     5239851
  66.5     5735673
  67.0     6231494
  67.5     6727316
  68.0     7223138
  68.5     7766458
  69.0     8309778
  69.5     8853099
  70.0     9396419
  70.5     9818301
  71.0    10240184
  71.5    10662066
  72.0    11083948
  72.5    11631348
  73.0    12178748
  73.5    12726148
  74.0    13273548
  74.5    13918276
  75.0    14563004
  75.5    15207731
  76.0    15852459
