SNP	chr	pos	effect_allele	other_allele	beta_neck	se_neck	pval_neck	eaf_neck	beta_bmi	se_bmi	pval_bmi	eaf_bmi	beta_snore	se_snore	pval_snore	eaf_snore
rs10468280	16.0	53827479	A	G	-0.1903	0.034	2.161e-08	0.6036	-0.0732024924332438	0.0021215974073836	7.11335699320795e-261	0.6154	-0.00636514	0.00106952	2.8000000000000003e-09	0.607675
rs10852521	16.0	53804965	T	C	-0.152	0.0332	4.813e-06	0.4766	-0.0600318023731713	0.0016044280365406	2.1206089204927e-306	0.4709	-0.00626892	0.0010443	1.7e-09	0.498342
rs11075985	16.0	53805207	A	C	0.1763	0.033	8.96e-08	0.4332	0.0713779819202851	0.0016137076143543	0.0	0.4399	0.00690447	0.00105683	6.4e-11	0.423099
rs11075988	16.0	53819771	A	G	0.1647	0.0332	7.216e-07	0.4079	0.0760378714453417	0.0021127067541919	1.16790550442315e-283	0.3936	0.00632375	0.00106898	3.4000000000000003e-09	0.393076
rs11075989	16.0	53819877	T	C	0.1636	0.0332	8.538e-07	0.4082	0.0679312215053562	0.0016281493816203	0.0	0.4096	0.00631906	0.00106901	3.5e-09	0.39305900000000005
rs11075990	16.0	53819893	A	G	-0.1639	0.0332	8.102e-07	0.5919	-0.0679316730126746	0.0016281636168024	0.0	0.5904	-0.00631901	0.00106901	3.5e-09	0.606942
rs11075992	16.0	53820066	T	C	-0.1639	0.0332	8.178e-07	0.5919	-0.0759281924568952	0.0021127067541919	7.5664770619616e-283	0.6064	-0.00632245	0.00106899	3.4000000000000003e-09	0.606935
rs11075993	16.0	53837144	T	G	0.1943	0.0341	1.178e-08	0.4094	0.0723528126118568	0.0021036196492421	3.05376597624936e-259	0.4038	0.00585765	0.00106078	3.3e-08	0.41205400000000003
rs1121980	16.0	53809247	A	G	0.1778	0.033	6.896e-08	0.4361	0.071409271416931	0.0016144907945581	0.0	0.4378	0.00682133	0.00105688	1.1e-10	0.42227499999999996
rs11642015	16.0	53802494	T	C	0.203	0.0338	1.905e-09	0.4083	0.0788620972815142	0.002111863209211	3.36489492561295e-305	0.3945	0.00680832	0.00106488	1.7e-10	0.402358
rs11642841	16.0	53845487	A	C	0.2073	0.0349	2.975e-09	0.3995	0.0588220648456407	0.0016322673101693	2.20189847575426e-284	0.4041	0.00480932	0.00106609	5.9e-06	0.39737500000000003
rs11649091	16.0	53845169	T	G	-0.2006	0.0345	5.904e-09	0.5686	-0.0681352542233101	0.0020889767965468	2.38814153298911e-233	0.5766	-0.0053301	0.00105499	4e-07	0.5683050000000001
rs12149832	16.0	53842908	A	G	0.1932	0.0344	1.999e-08	0.4109	0.0688722730295087	0.0016243867906956	0.0	0.4165	0.00577528	0.00106044	5e-08	0.4117930000000001
rs1421085	16.0	53800954	T	C	-0.2026	0.0338	1.996e-09	0.5918	-0.0753006298288245	0.0016316859501583	0.0	0.59	-0.00679611	0.00106483	1.8e-10	0.5978640000000001
rs1421086	16.0	53801343	A	C	0.177	0.033	7.978e-08	0.4323	0.0743056055274276	0.0020900372696926	7.65928294099999e-277	0.4218	0.00687331	0.00105708	7.6e-11	0.42185799999999996
rs17817288	16.0	53807764	A	G	-0.1644	0.0327	4.888e-07	0.506	-0.0626264917856031	0.0016021560650379	0.0	0.4979	-0.00608756	0.00104498	5.3e-09	0.518179
rs17817449	16.0	53813367	T	G	-0.1705	0.0333	3.079e-07	0.5966	-0.0682406985828798	0.0016285817178395	0.0	0.5914	-0.00631514	0.0010686	3.5e-09	0.606165
rs17817497	16.0	53815435	T	C	-0.1909	0.034	1.893e-08	0.6042	-0.0733849594551808	0.0021210815000306	2.7172896979441396e-262	0.6149	-0.00647332	0.00106914	1.5e-09	0.6069319999999999
rs17817712	16.0	53821125	A	G	-0.1891	0.034	2.57e-08	0.6043	-0.073402873281999	0.0021217009029914	2.87777998459684e-262	0.6155	-0.00637667	0.00106931	2.5e-09	0.607626
rs17817964	16.0	53828066	T	C	0.188	0.034	3.174e-08	0.3962	0.0687623989124889	0.0016340861489567	0.0	0.4008	0.00638506	0.00106967	2.5e-09	0.392255
rs1861866	16.0	53804340	T	C	0.1527	0.0332	4.325e-06	0.5229	0.060376022872503	0.0016111382629222	2.42987113127967e-307	0.526	0.00621956	0.00104428	2.3e-09	0.500629
rs2286814	9.0	131133983	A	C	0.2001	0.0447	7.447e-06	0.2063	0.0123245491935771	0.0021326822614629	7.519234314434361e-09	0.1972	0.000719336	0.00137363	0.64	0.17518299999999998
rs28567725	16.0	53826028	T	C	-0.1814	0.0334	5.576e-08	0.5877	-0.0731539295283721	0.0021010604849439	1.3164180968862899e-265	0.5931	-0.00646594	0.00106062	1.1e-09	0.5881890000000001
rs3751812	16.0	53818460	T	G	0.1899	0.0339	2.2e-08	0.3956	0.0687529025801949	0.0016342443327366	0.0	0.4031	0.00640692	0.00106919	2.2e-09	0.39252600000000004
rs3751814	16.0	53818724	A	G	0.1643	0.0332	7.689e-07	0.4081	0.0760415707156484	0.0021126126230326	1.0349739057741e-283	0.3937	0.00633669	0.00106891	3.2e-09	0.39312499999999995
rs55872725	16.0	53809123	T	C	0.2027	0.0338	2.007e-09	0.4082	0.0786535011299313	0.0021117699863437	1.2625812846095501e-303	0.3946	0.00674067	0.00106478	2.5e-10	0.4023439999999999
rs56094641	16.0	53806453	A	G	-0.2043	0.0338	1.481e-09	0.591	-0.078850301134241	0.0021109355089272	2.2454268692979799e-305	0.6045	-0.00682743	0.00106449	1.5e-10	0.596647
rs56313538	16.0	53818834	A	G	-0.1643	0.0332	7.688e-07	0.5919	-0.0760363104244221	0.0021127067541919	1.19940400123085e-283	0.6064	-0.0063336	0.0010689999999999	3.2e-09	0.606919
rs62033399	16.0	53810943	T	C	0.1672	0.0333	5.159e-07	0.4041	0.0727116069122111	0.00211346344673	2.1966926713682802e-259	0.3928	0.00631695	0.00106911	3.4000000000000003e-09	0.393466
rs62033400	16.0	53811788	A	G	-0.1896	0.0339	2.313e-08	0.6039	-0.0736694635367327	0.0021203636198657	1.72022054452615e-264	0.6142	-0.00638565	0.00106895	2.4e-09	0.60624
rs62033403	16.0	53822237	A	G	-0.1623	0.0333	1.074e-06	0.5918	-0.0759302512968029	0.0021127067541919	7.30586554643985e-283	0.6064	-0.00631075	0.00106908	3.7e-09	0.607002
rs62033404	16.0	53822239	A	G	-0.1627	0.0333	1.017e-06	0.5919	-0.0759278622135941	0.0021127067541919	7.6091358380692e-283	0.6064	-0.00631424	0.00106906	3.6e-09	0.606995
rs62033405	16.0	53822387	T	C	0.1885	0.034	2.873e-08	0.3958	0.0732910283590156	0.0021217009029914	1.7830028767031701e-261	0.3845	0.00632719	0.00106934	3.4000000000000003e-09	0.39236899999999997
rs62033406	16.0	53824226	A	G	-0.1749	0.0338	2.2e-07	0.5867	-0.073359150029214	0.0021033679107691	1.66003700786904e-266	0.5959	-0.00621358	0.00106211	5.1e-09	0.591054
rs62033408	16.0	53827962	A	G	-0.1894	0.034	2.522e-08	0.6036	-0.0733061581067133	0.0021215974073836	1.31449925054131e-261	0.6154	-0.00638266	0.0010696	2.5e-09	0.607661
rs62048402	16.0	53803223	A	G	0.203	0.0338	1.913e-09	0.4082	0.0788641047173827	0.002111863209211	3.24746582854139e-305	0.3945	0.00681272	0.0010649	1.6000000000000002e-10	0.402335
rs66908032	16.0	53822142	A	C	0.1636	0.0333	8.799e-07	0.4081	0.0759307994411114	0.0021127067541919	7.23800531888938e-283	0.3936	0.00630167	0.00106906	3.9e-09	0.392996
rs7185735	16.0	53822651	A	G	-0.1626	0.0333	1.025e-06	0.5916	-0.0680053494815684	0.0016299470951916	0.0	0.5928	-0.00629814	0.00106906	3.9e-09	0.607002
rs7187250	16.0	53810546	A	C	0.167	0.0333	5.463e-07	0.4038	0.0728205136603367	0.0021138442258523	4.6084571855925e-260	0.3924	0.00627621	0.00106946	4.4e-09	0.3931279999999999
rs7188250	16.0	53834607	T	C	-0.1938	0.0339	1.078e-08	0.5892	-0.0719468088209219	0.0021019579170257	9.120294924981971e-257	0.5942	-0.0057661	0.0010604	5.0999999999999993e-08	0.5857060000000001
rs7190396	16.0	53822502	T	G	-0.1625	0.0333	1.068e-06	0.5921	-0.0759241806187578	0.0021127067541919	8.10128822671758e-283	0.6064	-0.00631033	0.00106906	3.7e-09	0.607017
rs7193144	16.0	53810686	T	C	-0.1675	0.0333	4.859e-07	0.5954	-0.0685766907726296	0.0016299426465456	0.0	0.5933	-0.00631959	0.00106905	3.4000000000000003e-09	0.606428
rs7201850	16.0	53821862	T	C	0.1655	0.0336	8.128e-07	0.4259	0.0690742842058748	0.0016184715640135	0.0	0.4293	0.00643814	0.00106041	1.3e-09	0.41236300000000004
rs7202116	16.0	53821615	A	G	-0.1637	0.0333	8.563e-07	0.5917	-0.0702895291302357	0.0016881751498573	0.0	0.5928	-0.00630618	0.00106893	3.8e-09	0.60688
rs7202296	16.0	53821690	A	G	-0.1644	0.0333	7.687e-07	0.5917	-0.0760363305047536	0.0021126126230326	1.13170253234928e-283	0.6063	-0.00631327	0.00106894	3.6e-09	0.6068859999999999
rs7206122	16.0	53822440	A	G	0.1633	0.0333	9.351e-07	0.4081	0.0759300580376958	0.0021128009864632	7.7649487613478795e-283	0.3935	0.00630064	0.00106907	3.9e-09	0.3929729999999999
rs7206410	16.0	53821297	T	C	-0.1634	0.0333	8.989e-07	0.5917	-0.076040601715451	0.0021127067541919	1.11478787095116e-283	0.6064	-0.0063249	0.00106897	3.4000000000000003e-09	0.606943
rs7206629	16.0	53821413	T	C	-0.1657	0.0336	7.883e-07	0.5742	-0.0724031184502176	0.0020950292084236	1.02695448233047e-261	0.5853	-0.00645024	0.00106038	1.2e-09	0.5876020000000001
rs72803697	16.0	53822183	T	C	0.1629	0.0333	9.806e-07	0.4079	0.0759248619680293	0.0021127067541919	8.00786670427309e-283	0.3936	0.0063101999999999	0.00106904	3.7e-09	0.39300500000000005
rs72805611	16.0	53831354	T	C	0.1904	0.0338	1.781e-08	0.4092	0.0724549271008197	0.002103451726193	5.21740623080668e-260	0.404	0.00587717	0.0010608	2.9e-08	0.4122180000000001
rs72805612	16.0	53834608	A	G	0.1917	0.034	1.651e-08	0.4091	0.072349061260852	0.0021036196492421	3.24709513327731e-259	0.4038	0.00587757	0.00106095	3e-08	0.412104
rs72805613	16.0	53837342	A	G	-0.1947	0.0341	1.084e-08	0.5904	-0.0723461166086888	0.0021033679107691	2.95724693375736e-259	0.5959	-0.00583936	0.00106058	3.5e-08	0.5875819999999999
rs79994966	16.0	53823727	T	C	-0.1896	0.034	2.428e-08	0.6043	-0.0732874834048665	0.0021215974073836	1.7821271172143801e-261	0.6154	-0.00636442	0.00106932	2.7e-09	0.607644
rs8047395	16.0	53798523	A	G	0.1547	0.0338	4.803e-06	0.5194	0.0607342578495785	0.0016045118357	1.577e-313	0.5221	0.00647412	0.00104675	5.3e-10	0.499698
rs8047587	16.0	53798622	T	G	0.1798	0.0334	7.058e-08	0.4508	0.0713812466425326	0.0020804776884185	5.56159399959877e-258	0.4378	0.00660052	0.00105391	4e-10	0.43769899999999995
rs8050136	16.0	53816275	A	C	0.1697	0.0333	3.443e-07	0.4055	0.0681295629735131	0.0016282885807065	0.0	0.4093	0.00641823	0.00106876	2e-09	0.393556
rs8051591	16.0	53816752	A	G	-0.1694	0.0333	3.592e-07	0.5944	-0.0680297951129692	0.0016282295670324	0.0	0.5906	-0.00638533	0.00106876	2.4e-09	0.606392
rs8055197	16.0	53803156	A	G	0.1525	0.0333	4.487e-06	0.5229	0.0602134159772968	0.0016041128930995	2.30520792620945e-308	0.526	0.00623561	0.00104434	2.0999999999999998e-09	0.500579
rs8057044	16.0	53812614	A	G	0.1517	0.0332	4.819e-06	0.4934	0.0602252661884695	0.0016022293629996	3.32355746547288e-309	0.4997	0.00582771	0.00104609	2.3e-08	0.47515299999999994
rs8063057	16.0	53812433	T	C	-0.171	0.0333	2.819e-07	0.5954	-0.0723672899850863	0.0021124246638975	3.3235291451658402e-257	0.6061	-0.00636677	0.00106841	2.6e-09	0.605225
rs9922619	16.0	53831771	T	G	0.1856	0.0333	2.574e-08	0.4273	0.0663530913327614	0.0016175768688938	0.0	0.4397	0.00604802	0.00105439	9e-09	0.432088
rs9922708	16.0	53831146	T	C	0.184	0.0332	3.111e-08	0.4279	0.0662013091707395	0.0016137292467049	0.0	0.4403	0.0059644	0.00105375	1.4e-08	0.43239799999999995
rs9923147	16.0	53801549	T	C	0.1778	0.033	6.98e-08	0.4321	0.0714348676623758	0.0016150963813237	0.0	0.4366	0.00687459	0.00105708	7.6e-11	0.421863
rs9923312	16.0	53819367	A	G	0.1642	0.0332	7.785e-07	0.4082	0.0760368168750988	0.0021127067541919	1.18909283435481e-283	0.3936	0.00633154	0.00106897	3.3e-09	0.393096
rs9923544	16.0	53801985	T	C	0.1777	0.033	7.089e-08	0.4324	0.0714339249435494	0.0016150881024202	0.0	0.4367	0.00687712	0.00105709	7.5e-11	0.42205500000000007
rs9926289	16.0	53820503	A	G	0.1636	0.0332	8.651e-07	0.4082	0.0758565281455267	0.001982442094366	2.417e-320	0.3451	0.00632283	0.00106896	3.4000000000000003e-09	0.39305900000000005
rs9928094	16.0	53799905	A	G	-0.1767	0.033	8.904e-08	0.567	-0.0671140953341616	0.0016151690726503	0.0	0.5634	-0.00688439	0.00105699	7.2e-11	0.577299
rs9930501	16.0	53830452	A	G	-0.1846	0.0332	2.662e-08	0.5723	-0.0643285430556481	0.0016783159450476	2e-321	0.5617	-0.00593806	0.00105366	1.6e-08	0.567365
rs9930506	16.0	53830465	A	G	-0.1842	0.0332	2.836e-08	0.5723	-0.0663235691966942	0.0016142463212994	0.0	0.5596	-0.00588381	0.00105333	2.2000000000000002e-08	0.567522
rs9931900	16.0	53818813	A	G	-0.1666	0.0335	6.775e-07	0.5744	-0.0724024742194988	0.0020949556302453	9.952621024994319e-262	0.5852	-0.0064576	0.00106045	1.1e-09	0.5875100000000001
rs9932754	16.0	53830491	T	C	-0.1846	0.0332	2.68e-08	0.5724	-0.0649749633289106	0.001695525283637	2.693e-321	0.5622	-0.00594254	0.00105371	1.5e-08	0.5674359999999999
rs9933509	16.0	53818167	T	C	-0.1663	0.0335	7.108e-07	0.5744	-0.0723933716854524	0.0020949556302453	1.15665359452864e-261	0.5852	-0.00647468	0.00106039	1e-09	0.587508
rs9935401	16.0	53816838	A	G	0.168	0.0333	4.472e-07	0.4055	0.0681307093478308	0.0016283710566027	0.0	0.4092	0.00635702	0.00106894	2.8000000000000003e-09	0.39325299999999996
rs9936385	16.0	53819169	T	C	-0.1641	0.0332	7.988e-07	0.5918	-0.0685399626017539	0.0016313571898962	0.0	0.5951	-0.00633317	0.00106903	3.2e-09	0.606923
rs9937053	16.0	53799507	A	G	0.1762	0.0331	9.866e-08	0.433	0.0715298903933478	0.0016148831810911	0.0	0.4372	0.00688774	0.00105692	7e-11	0.422744
rs9937354	16.0	53799847	A	G	0.1765	0.033	9.257e-08	0.4329	0.0742962430448079	0.0020895040910544	6.50488110923271e-277	0.4226	0.00688379	0.00105699	7.2e-11	0.4226979999999999
rs9937709	16.0	53820813	A	G	-0.1659	0.0335	7.565e-07	0.5742	-0.0723999537547827	0.0020949556302453	1.03755279944491e-261	0.5852	-0.0064453	0.00106044	1.2e-09	0.587559
rs9939973	16.0	53800568	A	G	0.1768	0.033	8.15e-08	0.4324	0.0714311024765252	0.0016150154181512	0.0	0.4367	0.00687376	0.00105709	7.6e-11	0.42184600000000005
rs9940128	16.0	53800754	A	G	0.1777	0.033	7e-08	0.4324	0.0714363187708986	0.0016152203719671	0.0	0.4367	0.00686982	0.00105717	7.8e-11	0.42194200000000004
rs9940278	16.0	53800200	T	C	0.1757	0.033	1.023e-07	0.4323	0.0743104766679343	0.0020900372696926	7.049737250493221e-277	0.4218	0.00687405	0.00105715	7.6e-11	0.421832
rs9941349	16.0	53825488	T	C	0.1797	0.0335	7.844e-08	0.4114	0.0698098479908513	0.0016215483030021	0.0	0.4231	0.00648602	0.0010606	9.7e-10	0.41160399999999997
rs9972653	16.0	53814363	T	G	0.1675	0.0333	4.856e-07	0.408	0.0722643362372166	0.0021093814388339	3.2539919487490703e-257	0.3972	0.00644422	0.00106859	1.8e-09	0.398203
